965 1046 719 611 605 635 671 809 963 1237 1298 1339 1623 1979 3043 4121 5173 5799 6145 6946
900 759 626 566 538 506 446 504 551 779 754 695 744 1296 2370 2548 2502 1677 1698 1508
499 454 375 329 319 319 302 385 456 655 688 737 1130 2176 2398 2683 1983 1173 1507 1128
364 348 272 229 256 282 297 487 729 972 1547 2067 3832 4622 3760 3507 1921 1533 1526 851
316 322 243 217 246 260 636 1601 3472 3804 5709 5313 5011 3221 2023 1684 890 836 668 518
315 277 214 209 286 558 1540 4495 5331 3994 3734 1827 1532 1062 673 557 527 354 325 406
340 281 222 242 562 2030 4813 5794 3076 1853 1451 1164 604 379 351 358 416 257 291 390
312 299 251 336 853 3888 4923 2708 1085 965 807 707 359 207 243 210 193 200 215 331
314 334 324 448 1305 4655 3433 1679 967 784 747 596 312 214 214 193 154 147 165 250
347 356 408 566 2102 4901 2553 955 665 584 659 453 189 135 156 135 148 146 167 248
334 371 468 1212 2506 4751 2242 630 555 577 573 377 177 172 157 110 135 123 156 249
387 450 546 2407 3327 5833 2027 595 500 762 568 328 142 129 129 96 112 117 184 243
444 544 1164 2715 3706 4644 646 660 611 642 333 184 134 120 119 120 134 121 214 236
565 1114 1854 2713 3668 2963 537 660 509 532 273 175 170 151 140 121 118 121 208 240
813 1628 6119 6412 5375 2621 663 551 419 500 264 178 189 198 159 127 125 138 241 313
1046 1922 6638 2458 1409 595 593 505 591 539 281 177 197 191 139 120 132 164 285 393
1290 5678 7844 2171 1156 582 492 498 471 360 224 157 170 165 151 147 145 207 338 476
3404 7372 4652 1028 591 465 457 442 304 255 217 205 173 142 149 173 191 278 450 595
9107 8107 3645 1316 798 673 607 487 327 306 279 231 176 148 158 200 262 391 659 812
9638 3661 1875 1179 769 605 500 393 311 288 259 233 204 195 207 245 314 470 829 762
