1177 1210 675 464 430 370 356 386 460 493 648 727 857 1059 1164 1277 2154 2566 4027 6723
892 607 390 314 335 314 306 370 502 581 606 799 1402 1873 2007 2417 3130 2268 2542 3738
367 293 197 171 159 165 170 189 304 524 611 1113 1384 1523 2080 2083 1405 708 1414 3944
203 168 138 132 108 114 163 183 340 751 1190 1980 2140 2227 1744 948 463 808 2564 3823
143 140 129 133 109 111 162 258 1163 2085 1811 2100 1454 1322 588 404 448 1527 3047 2669
130 163 124 111 102 146 238 796 1814 1853 1615 1783 1322 1009 375 416 564 1539 2574 2061
140 165 129 140 153 227 452 1040 2204 2177 1867 895 726 541 713 907 1065 1814 2490 1697
137 147 146 164 236 732 2411 3375 2912 1402 763 563 618 476 640 592 739 1781 2696 1689
145 154 196 218 719 2480 2554 1834 878 674 608 581 517 466 585 422 1048 2022 2493 1288
156 172 213 739 918 2441 1517 1115 591 449 493 476 601 464 448 733 1553 2537 2394 1002
160 275 341 1002 1153 2825 1433 554 536 534 534 421 568 340 528 792 1416 2546 1838 762
222 364 1660 1871 2599 2726 1115 500 547 580 585 623 536 290 594 983 1681 2543 1461 608
1227 1528 1688 725 1848 1209 631 309 389 528 481 595 498 352 835 1253 1929 2295 971 494
1370 819 569 738 1724 834 365 325 440 564 536 572 490 783 2858 2559 2263 1850 772 492
1471 939 727 865 2089 767 479 754 814 863 723 653 735 879 2692 960 901 1283 644 459
2373 2377 2372 2420 2184 700 725 720 639 788 843 1028 1134 1357 2708 936 852 1026 453 481
2825 1920 1304 1212 567 711 708 616 703 1947 1918 2686 2561 2810 2859 1125 857 708 422 500
3196 2297 2181 2188 1885 1104 849 1144 1625 2340 1375 1813 1015 1022 1056 647 497 405 474 616
5058 3950 3652 2690 3313 3073 2976 2933 3044 2668 1591 1373 755 697 698 485 369 406 593 772
7791 4124 3381 2641 2398 1942 1621 1426 1655 1604 1217 1215 946 783 623 491 418 447 612 575
